4.0676694 -0.79926825
4.3169875 -0.922842
2.7831142 0.3508498
3.5066764 -0.35702756
1.9456296 0.9305687
4.4460235 -0.96473396
3.789485 -0.6035073
4.264664 -0.9014345
4.096755 -0.81640744
3.9444063 -0.71931356
1.4616749 0.9940522
1.1981089 0.93135214
1.0658069 0.8751796
2.522574 0.58023626
4.057487 -0.79310775
4.5499353 -0.9868334
2.3110056 0.73832744
4.248267 -0.89421505
3.2272577 -0.085560285
3.5296507 -0.37839162
3.285306 -0.14321925
2.9010403 0.2382391
3.532871 -0.38137046
4.240739 -0.8908198
1.6953077 0.9922585
1.7143928 0.9897077
2.9816265 0.15928482
2.1849496 0.81726164
1.1796156 0.9244595
1.9592614 0.9254915
3.7796679 -0.59565043
1.9007297 0.94606394
3.4805074 -0.3324637
2.1858854 0.816722
3.6542175 -0.49046636
4.468832 -0.9704863
2.6397886 0.481008
3.9293454 -0.7087697
4.8633914 -0.98862076
4.4189124 -0.957244
4.831753 -0.9928846
4.297352 -0.9151014
4.4069004 -0.9537001
2.9967134 0.14437301
1.1531924 0.91406333
3.0971506 0.044427533
2.9704726 0.17028627
2.8022037 0.33291104
2.0224345 0.8997333
2.0216746 0.90006477
3.7813673 -0.5970147
3.4848404 -0.3365472
4.7964177 -0.99647164
1.9033799 0.945202
1.8218814 0.96864337
1.4828835 0.99613816
2.7968428 0.3379613
3.1574569 -0.015863502
4.7422724 -0.9995535
4.719487 -0.9999748
2.1434708 0.84045476
4.27441 -0.90561056
3.334068 -0.19128929
1.7190676 0.9890279
4.6246743 -0.99615556
1.585269 0.9998953
1.56925 0.9999988
1.7832307 0.9775205
4.2923717 -0.9130819
4.5109816 -0.97978604
3.9803386 -0.74380547
4.66632 -0.99893904
4.5505085 -0.98692596
2.1208155 0.8525145
1.5509334 0.99980277
4.6164336 -0.99539983
3.2132888 -0.07163471
1.0628786 0.87375915
4.3057976 -0.9184741
4.6985335 -0.99990404
3.3413765 -0.19845742
1.7931534 0.97538036
3.4341013 -0.2883553
4.992055 -0.96114767
3.6213295 -0.46154577
1.5177141 0.9985915
4.0489798 -0.7878973
4.5562043 -0.98782796
3.6355565 -0.47411948
4.3760824 -0.94398
3.5810764 -0.42547235
1.981917 0.91667354
2.577115 0.53497446
2.1319575 0.8466377
4.3232965 -0.9252536
4.9002223 -0.98241115
2.7957096 0.3390276
2.000836 0.9089493
1.7885 0.976396
4.992552 -0.9610104
4.0182633 -0.7686132
2.2323198 0.78905725
3.311421 -0.16901302
1.8493037 0.96146685
2.1694896 0.82607275
2.6781933 0.44699147
3.7206092 -0.547201
2.4487536 0.63872427
4.424903 -0.95895976
2.815626 0.32022473
4.925738 -0.9773273
3.0791948 0.062357455
3.460747 -0.31376377
3.5581448 -0.40460977
1.9101413 0.9429729
1.2029595 0.93310744
2.822351 0.31384656
3.6752996 -0.5087283
4.887984 -0.98462284
2.061763 0.8818775
3.914454 -0.6981866
2.7552254 0.3768259
2.27999 0.7588872
2.7485878 0.38296586
1.3240668 0.96971637
2.3825831 0.68820316
3.6811998 -0.51379895
3.0221107 0.119197905
3.0184753 0.12280656
3.5676525 -0.41328612
4.1387377 -0.839925
3.3154542 -0.17298704
3.418019 -0.27291948
3.4506183 -0.30413052
4.8271255 -0.99342495
2.1918268 0.81327933
2.4253097 0.6565857
1.9183831 0.94019747
2.603191 0.51276445
1.925394 0.9377862
2.1995847 0.80874074
3.009515 0.13169385
1.9421579 0.93183416
3.93651 -0.71380574
1.7969271 0.9745412
4.846223 -0.9910576
3.4010422 -0.25654852
1.4862142 0.99642503
3.754105 -0.574925
3.3205311 -0.17798504
3.0249956 0.11633298
3.3356822 -0.19287322
2.2758267 0.76159185
4.8751082 -0.9867904
1.0067835 0.84511673
1.0021012 0.8426044
3.8922267 -0.6821025
4.457486 -0.9676878
1.4291042 0.98997843
3.79322 -0.6064812
2.2854407 0.7553264
4.089685 -0.81230426
4.0639977 -0.79705644
1.9786074 0.9179911
1.4411491 0.99160755
1.4835399 0.99619555
3.9731147 -0.7389577
3.2564297 -0.114584744
3.3630075 -0.21961008
2.7453148 0.3859873
1.0471513 0.86600226
1.1003448 0.8913637
4.2949066 -0.9141126
4.451455 -0.96614945
3.6422904 -0.48003772
3.621888 -0.46204108
4.7280436 -0.99987745
4.2406282 -0.89076954
4.116013 -0.8273765
2.2595057 0.77206683
1.4268082 0.9896516
3.5554717 -0.40216377
1.3341817 0.97213715
2.9061775 0.23324677
2.289532 0.7526389
1.2807509 0.95823085
2.1158268 0.8551115
2.0133426 0.90366423
3.0671601 0.07436381
2.7629175 0.3696897
2.1015954 0.8624028
2.7596378 0.37273508
4.794961 -0.9965929
1.0593294 0.87202746
2.6763597 0.448631
3.5487232 -0.395976
4.249397 -0.8947202
2.253682 0.77575505
4.346004 -0.93362856
4.9012613 -0.9822166
4.8243294 -0.9937412
4.2874823 -0.91107714
4.362953 -0.93956596
3.2318954 -0.090180054
3.9277465 -0.707641
2.9956722 0.14540312
1.4145193 0.9878136
3.052853 0.08862301
3.3322504 -0.1895047
1.8977968 0.94701004
4.832699 -0.9927715
2.821579 0.31457958
4.869552 -0.9876753
3.7843852 -0.59943295
4.053554 -0.790706
1.9505887 0.92874163
3.4412746 -0.29521638
2.2515035 0.7771279
3.9488707 -0.7224077
1.4235134 0.9891735
4.5253778 -0.9825643
2.074712 0.8756985
1.1723006 0.9216457
4.0120835 -0.76464546
2.1895597 0.8145964
2.676945 0.44810778
1.8067291 0.9722967
2.2645864 0.7688279
4.0800223 -0.806631
2.9331074 0.20697811
1.3691474 0.97973764
1.2371099 0.9448414
1.9360096 0.9340476
4.1674733 -0.8551711
4.6238303 -0.99608123
2.364667 0.7010906
3.8875685 -0.6786888
1.4382417 0.9912275
2.67416 0.45059586
2.9200778 0.2197077
4.126011 -0.8329504
1.0668924 0.8757042
4.447962 -0.9652423
2.184267 0.8176549
2.4935846 0.6035994
4.858267 -0.9893787
2.9607515 0.17985696
2.7524111 0.37943122
1.1208893 0.90048754
2.5705757 0.54048795
3.6358285 -0.47435915
1.326162 0.97022593
1.4476165 0.99242294
1.9328183 0.93518263
4.4796686 -0.9730426
1.89294 0.94855887
2.79421 0.34043792
3.8703837 -0.66596824
4.0556192 -0.79196864
3.3690872 -0.22553734
3.1090822 0.032504637
3.5878768 -0.43161666
2.9684148 0.17231345
1.5844356 0.999907
3.5980527 -0.44077343
1.7715033 0.9799259
1.9665706 0.9226984
1.9116422 0.9424722
1.6497033 0.99688846
4.4116187 -0.9551086
4.789241 -0.9970483
3.894413 -0.6836996
4.8023787 -0.9959537
2.609338 0.5074774
2.5286613 0.5752677
4.904524 -0.98159885
4.4555917 -0.9672084
3.2193754 -0.07770428
4.5488224 -0.9866528
4.158327 -0.8503943
3.6106203 -0.4520191
3.2945697 -0.15238109
4.895557 -0.9832716
3.3492143 -0.20613314
2.132122 0.8465501
2.0358307 0.89380616
4.652753 -0.9982223
3.7032843 -0.5326187
1.8546154 0.959993
3.3145218 -0.17206849
1.8439323 0.9629297
3.4412508 -0.29519355
2.3147113 0.73582304
3.822579 -0.62955964
3.2479763 -0.106183164
4.4304 -0.96050394
3.9720137 -0.73821545
2.5189438 0.5831891
2.8922951 0.24672325
2.2361984 0.7866686
3.4886308 -0.34011406
2.2791696 0.75942117
2.0062847 0.90666413
3.8339198 -0.6383302
2.9692776 0.17146364
4.5183463 -0.98123276
2.8624372 0.27554387
3.9164543 -0.6996172
2.0209775 0.9003683
2.0457625 0.8893082
2.202003 0.807316
2.0352356 0.8940729
2.0734036 0.87632954
2.5230103 0.5798809
2.836637 0.30025074
2.7370057 0.39363912
2.6079288 0.5086911
4.6355205 -0.99704707
2.5369906 0.5684347
1.4099194 0.9870872
4.775491 -0.99800974
1.4507916 0.99280804
3.4637403 -0.3166044
3.7282698 -0.553597
3.340404 -0.19750428
4.4248624 -0.9589482
1.1660818 0.91921484
4.385899 -0.9471739
2.9692798 0.17146136
3.131855 0.009737414
3.5672407 -0.41291106
1.2341374 0.94386363
3.5912604 -0.43466642
4.0297036 -0.77588123
1.3760898 0.9811045
3.9909008 -0.7508235
1.8877842 0.9501786
2.4384522 0.64661634
2.0084896 0.90573174
4.3633466 -0.93970066
3.9271472 -0.7072172
3.395806 -0.2514841
1.3715017 0.9802065
2.727286 0.4025553
1.5411482 0.99956053
3.167876 -0.026280396
1.7581565 0.98249936
3.4323125 -0.2866419
4.248142 -0.8941588
1.9313669 0.9356957
1.6199863 0.99879044
4.352405 -0.93590254
3.3588457 -0.21554801
3.5067127 -0.35706133
4.1290665 -0.83463734
4.4775357 -0.9725485
3.3582954 -0.21501082
2.0099661 0.90510494
4.210842 -0.87684
4.1425924 -0.84201074
3.7393517 -0.5627915
1.9045178 0.9448299
2.1235404 0.85108703
3.9157171 -0.69909036
4.1702127 -0.8565878
3.1720028 -0.030405447
3.679511 -0.51234955
4.2189307 -0.88070005
1.2104093 0.9357604
3.1850426 -0.043436315
2.8483605 0.2890479
4.4297028 -0.9603097
1.7467861 0.9845537
1.3527399 0.9763198
1.7512785 0.98375726
1.5129077 0.99832493
4.903017 -0.9818855
1.723132 0.98841935
1.9504898 0.9287783
2.1583824 0.8322813
4.383217 -0.9463103
4.465089 -0.9695769
3.4572911 -0.31048045
4.9500895 -0.97188205
1.0422618 0.863547
3.5154223 -0.36518326
2.0266674 0.8978779
4.2686687 -0.90316075
2.9324431 0.20762812
4.6652527 -0.99888927
1.076012 0.88007116
3.4299366 -0.2843649
3.1581247 -0.01653131
1.9729633 0.92021495
3.9600058 -0.73006225
4.9876833 -0.96234524
4.5771008 -0.9908625
4.6293554 -0.9965547
1.3532416 0.97642815
3.179889 -0.038286872
4.719378 -0.99997556
3.2638884 -0.1219911
1.136715 0.9072568
1.1732701 0.9220215
4.2511435 -0.8954988
4.1691866 -0.8560577
4.4538264 -0.96675855
2.0618417 0.8818404
1.8937076 0.9483156
2.034259 0.89450985
3.49608 -0.3471095
1.5009661 0.9975629
3.9142442 -0.6980363
2.515176 0.5862456
4.098185 -0.81723243
1.40914 0.986962
3.1371782 0.004414572
1.3352079 0.9723772
3.3668122 -0.22332028
4.3455505 -0.9334659
2.882107 0.25658345
4.594736 -0.9930869
3.3367689 -0.19393945
4.972215 -0.96643466
3.31617 -0.17369191
3.5845053 -0.4285729
4.0429068 -0.78414303
4.4352994 -0.96185565
3.4158108 -0.2707944
4.634085 -0.99693584
1.4155935 0.9879802
3.550989 -0.39805564
1.0649123 0.87474644
4.3906755 -0.94869506
1.0521228 0.8684775
1.3570719 0.9772477
4.7733116 -0.9981448
1.4116862 0.98736864
4.185954 -0.8646038
4.892172 -0.9838826
3.0817351 0.05982175
2.0677867 0.8790215
3.0702195 0.071312495
3.990349 -0.7504591
3.926227 -0.7065666
4.4914193 -0.97568536
3.511458 -0.36148974
1.4295748 0.99004483
4.0671697 -0.7989678
4.6690373 -0.99906045
4.434066 -0.9615175
1.9483546 0.9295676
2.1450322 0.8396076
3.7636166 -0.58268124
4.1254964 -0.8326654
1.4455699 0.9921694
4.007016 -0.7613698
1.3672714 0.9793602
2.2067537 0.8045033
4.10438 -0.820787
1.6557841 0.9963907
3.6220837 -0.46221456
1.3922797 0.9841082
2.2318115 0.78936946
1.5035111 0.99773717
2.0105371 0.90486205
3.7478392 -0.5697869
1.2814398 0.95842767
1.5715078 0.99999976
4.105231 -0.82127273
2.4245644 0.6571476
4.827356 -0.9933986
2.857712 0.28008312
1.6808228 0.99395317
3.7418327 -0.56484056
3.1833818 -0.041777078
3.301365 -0.15909337
4.3294435 -0.927568
4.011191 -0.7640697
2.9122944 0.22729418
3.6062295 -0.44809812
4.0840907 -0.80902886
2.6380694 0.48251447
4.6455784 -0.997769
4.6407294 -0.99743354
4.54281 -0.98565596
1.8075633 0.9721014
3.4350328 -0.289247
4.21543 -0.87903625
2.5997336 0.51572955
3.4550796 -0.30837756
1.2833202 0.9589625
2.745298 0.38600293
4.127341 -0.8336855
2.242195 0.7829524
1.551334 0.99981064
2.6362321 0.4841229
2.8175828 0.31837025
4.9025865 -0.981967
3.616044 -0.4568506
3.1923566 -0.05074216
1.8777931 0.9532454
1.5924386 0.9997658
1.4532572 0.9931002
3.4226294 -0.2773519
3.3905869 -0.2464293
1.7742553 0.9793735
3.7455122 -0.567873
1.3323333 0.97170216
1.8852369 0.9509696
1.682537 0.9937635
3.666112 -0.50079703
4.1170506 -0.82795876
1.031291 0.8579629
4.5643215 -0.989058
1.666073 0.9954646
3.1337564 0.007836169
1.3534794 0.9764795
4.657108 -0.9984724
4.3915567 -0.9489733
4.605697 -0.99431384
2.4802406 0.61418444
3.261219 -0.11934129
3.2851276 -0.14304267
1.7247468 0.988173
1.6764772 0.99442095
2.2831962 0.75679535
1.4749635 0.9954116
2.1469734 0.8385515
3.2744322 -0.13244909
1.2713345 0.9554954
3.2319255 -0.090210095
2.8341694 0.30260375
1.1048588 0.8934007
4.234016 -0.88774496
2.5751762 0.53661156
3.7761393 -0.5928125
2.143939 0.8402009
2.4260166 0.65605223
2.5328155 0.5718648
1.3355662 0.9724607
4.3296843 -0.927658
2.8075037 0.3279086
4.114785 -0.8266863
4.789306 -0.9970433
4.864836 -0.9884024
3.02496 0.116368465
4.2310762 -0.88638794
4.0969987 -0.8165483
1.3115656 0.9665875
4.532816 -0.98392004
2.5890467 0.524856
3.0099058 0.13130662
4.396548 -0.95053536
1.8690913 0.955839
3.0294538 0.111904085
3.339924 -0.1970338
4.683274 -0.9995762
4.117886 -0.8284269
4.811567 -0.9950859
3.5407538 -0.38864568
1.131744 0.9051549
2.2360837 0.7867394
2.0335262 0.8948372
1.7102267 0.99029535
4.0539575 -0.79095304
1.1911746 0.9288049
4.6748805 -0.99929667
1.7048348 0.9910303
4.086913 -0.8106846
4.7516212 -0.9992305
2.6740265 0.450715
3.2645361 -0.122633964
4.543097 -0.9857043
1.2907327 0.9610379
3.004048 0.13711125
4.877931 -0.98632914
2.8617299 0.27622384
3.1095417 0.03204549
2.8862426 0.25258416
1.5749524 0.99999136
1.87232 0.9548851
3.5537038 -0.40054464
4.0813913 -0.80743945
2.9162252 0.22346452
1.1953493 0.9303438
3.593981 -0.43711486
3.6246245 -0.46446633
1.1553026 0.9149172
3.3432052 -0.20024951
2.559391 0.5498641
3.420502 -0.27530724
1.8819951 0.9519672
3.9477494 -0.7216319
2.3566442 0.7067887
4.790721 -0.99693364
1.412059 0.98742765
1.0291947 0.8568842
4.7790146 -0.99778134
2.3676379 0.698969
4.770532 -0.99831015
2.3342469 0.7224545
3.402329 -0.25779212
4.652571 -0.99821144
1.3230368 0.9694643
4.509744 -0.9795377
1.0852823 0.8844352
2.108641 0.8588149
3.941404 -0.71722466
3.2413125 -0.099554755
1.2358257 0.94442
1.833675 0.9656459
4.047003 -0.7866785
1.4748344 0.9953992
1.7748997 0.9792431
2.6594942 0.46363947
2.9571884 0.18336095
1.4518096 0.9929294
1.1233191 0.9015416
3.9496727 -0.722962
1.6673166 0.99534553
3.527969 -0.3768342
1.557146 0.99990684
1.4186496 0.988448
2.532802 0.5718758
2.6077816 0.5088179
2.9214187 0.21839951
3.9708488 -0.7374292
1.2727284 0.9559057
3.5157819 -0.36551797
2.9616375 0.17898537
2.859245 0.2786111
2.298551 0.74666977
1.7389138 0.98590153
3.4269376 -0.28148845
2.388596 0.68382835
2.578463 0.53383523
3.7123852 -0.540299
3.6184077 -0.45895177
3.9393423 -0.71578634
3.080027 0.061526727
3.1847935 -0.04318727
1.2005532 0.9322394
2.263956 0.7692308
2.2907088 0.75186354
3.1865733 -0.044965405
1.8634242 0.95748913
4.8083043 -0.99540365
3.3979728 -0.25358063
4.739094 -0.99964345
4.817465 -0.9944846
1.236368 0.9445981
1.4176421 0.9882948
1.6800172 0.9940413
4.1226726 -0.83109844
3.3874443 -0.24338245
4.891245 -0.98404783
1.8438078 0.9629633
2.498182 0.59992754
1.5707437 1.0
4.7301097 -0.999843
2.3245683 0.7291125
2.527928 0.5758672
1.4030615 0.98596543
2.3659973 0.7001413
4.6616535 -0.99871325
4.0725627 -0.8021996
4.321002 -0.9243808
2.5750928 0.536682
4.5267987 -0.98282754
4.217343 -0.8799469
2.4500003 0.63776445
3.1742084 -0.032609943
1.8547806 0.95994675
3.2302294 -0.088520706
2.6881793 0.4380365
2.2450812 0.7811537
3.347904 -0.20485073
2.7739718 0.3593963
3.6638489 -0.49883693
1.6246817 0.9985485
1.8978997 0.946977
1.0104864 0.8470904
2.6512487 0.47092924
1.1064792 0.89412755
4.7070894 -0.99998593
3.2553623 -0.113524444
3.5799057 -0.42441264
3.1296403 0.011952131
3.7539606 -0.5748067
4.484865 -0.9742279
3.9487662 -0.7223354
2.690171 0.4362451
2.7365727 0.39403698
1.2673361 0.9543082
1.7570392 0.9827069
1.7900424 0.9760617
1.7405041 0.98563415
3.5854204 -0.4293995
3.489473 -0.34090602
1.9473684 0.9299307
2.6163168 0.5014516
1.5350823 0.99936235
2.7445643 0.38667962
4.122743 -0.83113754
2.4148135 0.66446614
2.0319045 0.89556
4.2699804 -0.90372306
2.873866 0.2645396
1.2166287 0.9379355
2.4246922 0.6570512
1.9702628 0.92126864
4.632626 -0.9968206
4.3059883 -0.91854954
3.310942 -0.168541
1.8776538 0.95328754
4.7058325 -0.9999785
2.8767424 0.26176473
1.8682572 0.9560838
4.12767 -0.8338672
3.9328318 -0.7112249
4.3220687 -0.9247872
1.6603329 0.99599427
1.6568346 0.996301
1.8902563 0.94940513
4.6475143 -0.9978964
1.1456566 0.9109811
1.6407542 0.99755394
1.116206 0.898441
3.660333 -0.4957866
1.0116068 0.8476854
4.61651 -0.99540716
4.0331774 -0.7780681
2.3263535 0.7278895
3.9761608 -0.74100655
1.7841147 0.9773338
1.0810939 0.8824729
3.0488932 0.09256674
1.8439547 0.96292365
1.1575676 0.91582906
3.0288253 0.11252842
1.6125159 0.9991299
1.3729718 0.98049647
4.036821 -0.7803519
2.5146046 0.5867084
2.1477153 0.8381471
4.902662 -0.98195267
4.6977525 -0.9998929
3.572793 -0.4179616
3.7108808 -0.5390326
1.7138306 0.98978806
2.2480204 0.77931523
1.236472 0.94463223
2.9371886 0.2029836
1.7351681 0.98652136
2.2724564 0.7637717
2.2623653 0.7702463
3.712343 -0.54026353
2.480812 0.61373323
3.1924384 -0.050823808
4.606637 -0.9944135
1.9223677 0.9388327
2.9978812 0.14321737
4.1894593 -0.86635983
1.4871337 0.99650234
1.078938 0.88145673
1.1224357 0.9011589
2.093896 0.86627495
1.6996735 0.99170685
4.9810143 -0.9641366
4.486864 -0.9746769
3.8157551 -0.6242432
1.3130174 0.9669586
2.561831 0.5478245
3.4912145 -0.34254247
4.6949697 -0.9998483
2.9491858 0.19122183
3.6835635 -0.5158254
3.8455288 -0.6472232
3.574577 -0.41958177
1.5628186 0.9999682
2.88029 0.2583391
1.3097695 0.9661255
2.4509194 0.63705623
3.9653037 -0.7336725
4.913136 -0.97991794
1.9024516 0.94550467
4.230759 -0.886241
3.2964358 -0.15422517
1.4897721 0.99671936
3.1186335 0.022957232
4.4260097 -0.959273
1.2283945 0.941951
2.6137276 0.5036902
3.5924454 -0.43573326
3.5425465 -0.3902967
3.89386 -0.68329597
2.7672443 0.36566603
4.1588683 -0.85067904
2.470346 0.6219626
4.362125 -0.93928206
1.4946964 0.9971058
2.4140058 0.6650696
3.3579922 -0.2147145
4.944079 -0.97327965
3.9418678 -0.71754783
1.642623 0.99742156
3.2553566 -0.113518715
2.6889899 0.43730775
3.519672 -0.36913604
1.3762599 0.9811374
1.2340534 0.94383585
1.143016 0.9098888
4.099167 -0.8177979
2.8647547 0.2733155
1.7460396 0.98468417
4.77144 -0.998257
1.0080159 0.8457749
4.388543 -0.94801867
3.6565216 -0.4924729
3.4036243 -0.25904328
4.586809 -0.9921252
2.608641 0.50807804
3.6881044 -0.51971024
2.6417286 0.47930625
1.1769551 0.9234418
1.0457269 0.8652891
2.9389052 0.20130241
2.3812675 0.68915707
4.150124 -0.8460499
3.2993047 -0.15705904
1.6881297 0.9931243
1.4236025 0.9891865
3.9525137 -0.72492194
4.762422 -0.9987486
4.878395 -0.9862526
3.617507 -0.45815134
1.1254802 0.9024745
4.3569803 -0.9375044
2.464864 0.62624586
4.048968 -0.7878901
3.8773687 -0.67116266
1.2091877 0.93532896
3.247032 -0.10524394
2.5054214 0.59411997
4.01965 -0.76949966
4.204242 -0.8736478
3.8497946 -0.6504691
1.772648 0.97969705
3.9437559 -0.71886146
1.0038643 0.84355253
2.1962056 0.81072354
4.279587 -0.9077941
4.803287 -0.9958716
3.3798254 -0.23598565
1.1151078 0.8979582
2.1883626 0.8152901
2.1795468 0.82036316
3.6111586 -0.4524992
4.652611 -0.9982138
3.233838 -0.092114545
2.2466369 0.78018147
2.212257 0.80122256
3.2071679 -0.06552818
3.4490547 -0.30264062
4.8156285 -0.9946756
4.4036074 -0.9527045
1.783779 0.9774048
4.369938 -0.94193447
3.6256123 -0.46534076
3.5064313 -0.3567985
4.4636383 -0.9692208
4.3946853 -0.9499553
4.862702 -0.9887243
1.8370413 0.9647657
3.6113193 -0.45264262
3.6802828 -0.51301205
2.1263523 0.84960735
3.6962461 -0.5266488
2.392371 0.6810692
1.2906269 0.9610086
1.9256351 0.9377025
2.6936772 0.43308768
3.8499873 -0.6506156
4.267762 -0.9027713
4.2763944 -0.9064504
4.9164305 -0.9792557
1.0901853 0.8867126
2.879774 0.25883764
4.0834846 -0.80867267
4.3459606 -0.933613
1.0507096 0.8677761
2.505905 0.593731
2.7305813 0.39953676
1.4466847 0.992308
4.87967 -0.9860411
4.4515033 -0.96616197
1.6633205 0.9957227
1.9942881 0.9116596
3.1256883 0.015903752
3.4424314 -0.29632133
2.739831 0.39104044
2.981263 0.15964372
3.7421224 -0.5650796
2.630602 0.4890416
3.7359705 -0.55999345
1.8317271 0.9661502
3.3337102 -0.19093795
1.6493397 0.99691707
3.6308916 -0.47000712
2.177117 0.82175016
1.1247586 0.9021635
1.5892918 0.99982893
1.1618176 0.9175274
2.0888677 0.8687759
4.8037877 -0.99582607
4.7226505 -0.99994737
1.6252084 0.99852
2.9337323 0.20636675
3.7003145 -0.5301028
2.3854752 0.68610203
1.0147679 0.8493581
4.9119225 -0.9801592
3.6752515 -0.5086869
1.634935 0.9979438
1.3250268 0.9699504
2.8577762 0.2800216
1.6571648 0.99627256
4.1303267 -0.8353306
2.2125201 0.80106515
3.027205 0.11413834
1.9324281 0.93532073
3.1437495 -0.0021567836
4.194856 -0.86904246
4.3656864 -0.9404983
1.0980858 0.8903374
2.6883533 0.43788007
3.1812558 -0.039652776
2.1451116 0.8395645
2.0120175 0.9042309
2.4591055 0.6307251
3.3664217 -0.2229398
1.8773257 0.9533866
3.1257832 0.015808802
1.6130538 0.9991073
1.3828816 0.98239595
1.0567263 0.87075037
4.2613034 -0.89997447
1.3730965 0.98052096
3.0952253 0.046350636
1.5538224 0.99985594
1.1933154 0.92959607
3.0212955 0.120007224
1.5329429 0.9992837
4.3761816 -0.94401264
1.3253205 0.9700218
4.0548086 -0.79147345
2.196845 0.8103491
3.0327291 0.10864863
1.2975321 0.9628951
3.109539 0.03204825
2.3373375 0.72031426
3.8818934 -0.67451006
4.541096 -0.9853653
1.7136391 0.9898153
1.7910932 0.97583264
1.6136181 0.9990833
2.5936568 0.5209264
2.0150323 0.9029393
4.575953 -0.99070704
1.4098008 0.9870682
2.4171038 0.6627528
4.3341484 -0.92931575
2.6821644 0.44343564
2.3472428 0.71340823
1.0091361 0.84637207
2.7251015 0.40455404
4.3613524 -0.9390169
3.251729 -0.10991386
4.276041 -0.90630114
4.6855693 -0.99964035
2.7028918 0.42476374
2.4813874 0.6132789
3.4348824 -0.28910303
2.7376616 0.3930361
4.4006357 -0.95179725
1.012008 0.84789807
3.1390662 0.0025265242
4.8091016 -0.99532694
1.3512402 0.9759942
3.7165332 -0.54378486
1.0720332 0.87817484
3.1760733 -0.03447371
1.0885952 0.8859763
2.8754652 0.26299715
4.9296136 -0.97649944
4.186113 -0.8646837
4.0471625 -0.786777
4.724461 -0.99992716
3.5123537 -0.36232474
