1.5 0.10570664
1.51 0.10196156
1.52 0.09826857
1.53 0.09462706
1.54 0.09103643
1.55 0.08749608
1.56 0.084005386
1.57 0.080563754
1.58 0.077170566
1.59 0.07382521
1.6 0.07052708
1.61 0.06727556
1.62 0.06407005
1.63 0.06090995
1.64 0.057794638
1.65 0.05472352
1.66 0.05169599
1.67 0.04871146
1.68 0.045769323
1.69 0.04286899
1.7 0.04000987
1.71 0.03719138
1.72 0.034412935
1.73 0.031673953
1.74 0.028973864
1.75 0.026312096
1.76 0.02368808
1.77 0.021101255
1.78 0.018551063
1.79 0.016036952
1.8 0.013558374
1.81 0.0111147845
1.82 0.008705647
1.83 0.006330426
1.84 0.0039885957
1.85 0.001679633
1.86 -5.969792E-4
1.87 -0.0028417527
1.88 -0.005055194
1.89 -0.007237803
1.9 -0.009390077
1.91 -0.011512502
1.92 -0.013605565
1.93 -0.015669743
1.94 -0.017705508
1.95 -0.019713327
1.96 -0.021693664
1.97 -0.02364697
1.98 -0.025573695
1.99 -0.027474284
2.0 -0.029349174
2.01 -0.031198801
2.02 -0.03302359
2.03 -0.034823954
2.04 -0.036600318
2.05 -0.03835309
2.06 -0.040082667
2.07 -0.041789457
2.08 -0.043473843
2.09 -0.045136217
2.1 -0.04677696
2.11 -0.04839645
2.12 -0.04999505
2.13 -0.05157313
2.14 -0.053131055
2.15 -0.054669168
2.16 -0.056187823
2.17 -0.057687365
2.18 -0.059168126
2.19 -0.06063045
2.2 -0.062074658
2.21 -0.06350107
2.22 -0.06491001
2.23 -0.066301785
2.24 -0.06767671
2.25 -0.06903508
2.26 -0.0703772
2.27 -0.07170336
2.28 -0.07301385
2.29 -0.074308954
2.3 -0.07558895
2.31 -0.07685411
2.32 -0.078104705
2.33 -0.07934101
2.34 -0.08056328
2.35 -0.08177176
2.36 -0.08296672
2.37 -0.084148414
2.38 -0.08531706
2.39 -0.08647292
2.4 -0.08761623
2.41 -0.0887472
2.42 -0.08986609
2.43 -0.090973094
2.44 -0.09206845
2.45 -0.093152374
2.46 -0.09422507
2.47 -0.09528676
2.48 -0.09633764
2.49 -0.09737791
2.5 -0.098407775
2.51 -0.099427424
2.52 -0.10043705
2.53 -0.10143685
2.54 -0.102427
2.55 -0.10340768
2.56 -0.10437907
2.57 -0.105341345
2.58 -0.106294684
2.59 -0.10723925
2.6 -0.1081752
2.61 -0.10910271
2.62 -0.11002194
2.63 -0.11093304
2.64 -0.111836165
2.65 -0.11273147
2.66 -0.113619104
2.67 -0.114499204
2.68 -0.11537193
2.69 -0.1162374
2.7 -0.117095776
2.71 -0.117947176
2.72 -0.118791744
2.73 -0.1196296
2.74 -0.12046088
2.75 -0.121285714
2.76 -0.12210421
2.77 -0.12291651
2.78 -0.12372272
2.79 -0.124522954
2.8 -0.12531734
2.81 -0.12610596
2.82 -0.12688898
2.83 -0.12766646
2.84 -0.12843852
2.85 -0.12920526
2.86 -0.12996678
2.87 -0.13072321
2.88 -0.13147461
2.89 -0.1322211
2.9 -0.13296278
2.91 -0.13369972
2.92 -0.13443203
2.93 -0.13515979
2.94 -0.13588308
2.95 -0.13660201
2.96 -0.13731664
2.97 -0.13802709
2.98 -0.13873339
2.99 -0.13943566
3.0 -0.14013396
3.01 -0.14082837
3.02 -0.14151898
3.03 -0.14220583
3.04 -0.14288904
3.05 -0.14356863
3.06 -0.14424472
3.07 -0.14491734
3.08 -0.14558657
3.09 -0.14625248
3.1 -0.14691512
3.11 -0.14757459
3.12 -0.14823091
3.13 -0.14888416
3.14 -0.14953439
3.15 -0.15018168
3.16 -0.15082608
3.17 -0.15146762
3.18 -0.1521064
3.19 -0.15274243
3.2 -0.1533758
3.21 -0.15400654
3.22 -0.15463471
3.23 -0.15526035
3.24 -0.15588354
3.25 -0.15650429
3.26 -0.15712266
3.27 -0.1577387
3.28 -0.15835246
3.29 -0.15896398
3.3 -0.1595733
3.31 -0.16018048
3.32 -0.16078553
3.33 -0.16138852
3.34 -0.16198948
3.35 -0.16258845
3.36 -0.16318548
3.37 -0.16378058
3.38 -0.16437382
3.39 -0.16496521
3.4 -0.1655548
3.41 -0.16614264
3.42 -0.16672873
3.43 -0.16731313
3.44 -0.16789587
3.45 -0.16847697
3.46 -0.16905648
3.47 -0.16963442
3.48 -0.17021081
3.49 -0.1707857
3.5 -0.17135912
3.51 -0.17193109
3.52 -0.17250162
3.53 -0.17307077
3.54 -0.17363857
3.55 -0.17420502
3.56 -0.17477016
3.57 -0.175334
3.58 -0.1758966
3.59 -0.17645797
3.6 -0.1770181
3.61 -0.17757706
3.62 -0.17813486
3.63 -0.17869152
3.64 -0.17924705
3.65 -0.1798015
3.66 -0.18035485
3.67 -0.18090716
3.68 -0.18145844
3.69 -0.1820087
3.7 -0.18255797
3.71 -0.18310627
3.72 -0.18365362
3.73 -0.18420002
3.74 -0.18474552
3.75 -0.18529011
3.76 -0.18583381
3.77 -0.18637666
3.78 -0.18691866
3.79 -0.18745984
3.8 -0.1880002
3.81 -0.18853976
3.82 -0.18907854
3.83 -0.18961655
3.84 -0.1901538
3.85 -0.19069032
3.86 -0.19122614
3.87 -0.19176123
3.88 -0.19229563
3.89 -0.19282936
3.9 -0.1933624
3.91 -0.1938948
3.92 -0.19442657
3.93 -0.19495769
3.94 -0.19548821
3.95 -0.19601813
3.96 -0.19654745
3.97 -0.19707619
3.98 -0.19760436
3.99 -0.19813198
4.0 -0.19865905
4.01 -0.19918558
4.02 -0.19971159
4.03 -0.2002371
4.04 -0.20076208
4.05 -0.20128658
4.06 -0.2018106
4.07 -0.20233414
4.08 -0.20285721
4.09 -0.20337982
4.1 -0.20390199
4.11 -0.20442373
4.12 -0.20494501
4.13 -0.2054659
4.14 -0.20598637
4.15 -0.20650643
4.16 -0.2070261
4.17 -0.20754537
4.18 -0.20806426
4.19 -0.20858277
4.2 -0.20910093
4.21 -0.20961873
4.22 -0.21013618
4.23 -0.21065328
4.24 -0.21117003
4.25 -0.21168646
4.26 -0.21220256
4.27 -0.21271834
4.28 -0.21323381
4.29 -0.21374898
4.3 -0.21426384
4.31 -0.21477842
4.32 -0.2152927
4.33 -0.21580671
4.34 -0.21632043
4.35 -0.21683387
4.36 -0.21734707
4.37 -0.21785998
4.38 -0.21837266
4.39 -0.21888508
4.4 -0.21939725
4.41 -0.21990918
4.42 -0.22042088
4.43 -0.22093233
4.44 -0.22144358
4.45 -0.2219546
4.46 -0.2224654
4.47 -0.22297597
4.48 -0.22348635
4.49 -0.22399652
4.5 -0.22450648
4.51 -0.22501625
4.52 -0.22552583
4.53 -0.22603522
4.54 -0.22654441
4.55 -0.22705343
4.56 -0.22756228
4.57 -0.22807094
4.58 -0.22857943
4.59 -0.22908777
4.6 -0.22959593
4.61 -0.23010392
4.62 -0.23061177
4.63 -0.23111945
4.64 -0.23162699
4.65 -0.23213437
4.66 -0.23264161
4.67 -0.23314871
4.68 -0.23365566
4.69 -0.23416248
4.7 -0.23466916
4.71 -0.23517571
4.72 -0.23568213
4.73 -0.23618843
4.74 -0.23669459
4.75 -0.23720063
4.76 -0.23770657
4.77 -0.23821238
4.78 -0.23871806
4.79 -0.23922364
4.8 -0.23972912
4.81 -0.24023448
4.82 -0.24073975
4.83 -0.2412449
4.84 -0.24174994
4.85 -0.2422549
4.86 -0.24275975
4.87 -0.24326451
4.88 -0.24376917
4.89 -0.24427374
4.9 -0.24477822
4.91 -0.2452826
4.92 -0.24578692
4.93 -0.24629113
4.94 -0.24679527
4.95 -0.24729933
4.96 -0.2478033
4.97 -0.24830718
4.98 -0.248811
4.99 -0.24931476
5.0 -0.24981841
5.01 -0.250322
5.02 -0.25082552
5.03 -0.251329
5.04 -0.25183237
5.05 -0.2523357
5.06 -0.25283894
5.07 -0.25334215
5.08 -0.25384527
5.09 -0.25434834
5.1 -0.25485134
5.11 -0.2553543
5.12 -0.25585717
5.13 -0.25636
5.14 -0.25686276
5.15 -0.25736547
5.16 -0.25786814
5.17 -0.25837076
5.18 -0.2588733
5.19 -0.2593758
5.2 -0.25987828
5.21 -0.2603807
5.22 -0.26088306
5.23 -0.26138535
5.24 -0.26188764
5.25 -0.26238987
5.26 -0.26289204
5.27 -0.26339418
5.28 -0.2638963
5.29 -0.26439834
5.3 -0.26490033
5.31 -0.26540232
5.32 -0.26590425
5.33 -0.26640615
5.34 -0.266908
5.35 -0.26740983
5.36 -0.2679116
5.37 -0.26841336
5.38 -0.2689151
5.39 -0.26941675
5.4 -0.2699184
5.41 -0.27042
5.42 -0.27092162
5.43 -0.27142316
5.44 -0.27192467
5.45 -0.27242616
5.46 -0.27292764
5.47 -0.27342907
5.48 -0.27393046
5.49 -0.27443185
5.5 -0.2749332
5.51 -0.27543452
5.52 -0.27593583
5.53 -0.27643707
5.54 -0.27693832
5.55 -0.27743956
5.56 -0.27794075
5.57 -0.27844194
5.58 -0.27894306
5.59 -0.2794442
5.6 -0.2799453
5.61 -0.28044638
5.62 -0.28094745
5.63 -0.28144848
5.64 -0.28194952
5.65 -0.2824505
5.66 -0.2829515
5.67 -0.28345245
5.68 -0.2839534
5.69 -0.28445432
5.7 -0.28495523
5.71 -0.2854561
5.72 -0.28595698
5.73 -0.28645784
5.74 -0.28695866
5.75 -0.2874595
5.76 -0.2879603
5.77 -0.28846106
5.78 -0.28896183
5.79 -0.2894626
5.8 -0.28996333
5.81 -0.29046407
5.82 -0.29096478
5.83 -0.29146546
5.84 -0.29196614
5.85 -0.29246682
5.86 -0.29296747
5.87 -0.29346812
5.88 -0.29396877
5.89 -0.2944694
5.9 -0.29496998
5.91 -0.29547057
5.92 -0.29597116
5.93 -0.29647174
5.94 -0.2969723
5.95 -0.29747283
5.96 -0.29797336
5.97 -0.2984739
5.98 -0.29897442
5.99 -0.29947492
6.0 -0.29997543
6.01 -0.3004759
6.02 -0.3009764
6.03 -0.30147687
6.04 -0.3019773
6.05 -0.30247778
6.06 -0.3029782
6.07 -0.30347863
6.08 -0.30397907
6.09 -0.30447948
6.1 -0.3049799
6.11 -0.30548027
6.12 -0.30598065
6.13 -0.30648106
6.14 -0.3069814
6.15 -0.3074818
6.16 -0.30798215
6.17 -0.3084825
6.18 -0.30898285
6.19 -0.3094832
6.2 -0.30998352
6.21 -0.31048384
6.22 -0.31098416
6.23 -0.3114845
6.24 -0.3119848
6.25 -0.3124851
6.26 -0.3129854
6.27 -0.31348568
6.28 -0.31398597
6.29 -0.31448624
6.3 -0.3149865
6.31 -0.3154868
6.32 -0.31598705
6.33 -0.3164873
6.34 -0.31698754
6.35 -0.3174878
6.36 -0.31798804
6.37 -0.31848827
6.38 -0.3189885
6.39 -0.31948873
6.4 -0.31998897
6.41 -0.32048917
6.42 -0.3209894
6.43 -0.3214896
6.44 -0.3219898
6.45 -0.32249
6.46 -0.3229902
6.47 -0.3234904
6.48 -0.32399058
6.49 -0.3244908
6.5 -0.32499096
