
1.55 0.30075290674305905
1.6 0.2779187461939327
1.6500000000000001 0.25553653233426915
1.7000000000000002 0.2337810883226835
1.7500000000000002 0.21280188495895647
1.8000000000000003 0.1927231792564549
1.8500000000000003 0.17364461003038026
1.9000000000000004 0.1556421926813014
1.9500000000000004 0.13876965136340028
2.0000000000000004 0.12306002480577659
2.0500000000000003 0.10852748205394713
2.1 0.09516928612079031
2.15 0.08296784674932982
2.1999999999999997 0.07189280793773518
2.2499999999999996 0.06190312129122393
2.2999999999999994 0.05294906237609916
2.349999999999999 0.044974153795948
2.399999999999999 0.03791696544342863
2.449999999999999 0.03171276908050319
2.4999999999999987 0.026295030870953983
2.5499999999999985 0.021596731568562625
2.5999999999999983 0.0175515096227153
2.649999999999998 0.014094627404287203
2.699999999999998 0.011163765014906468
2.749999999999998 0.008699649689059882
2.7999999999999976 0.0066465316254847384
2.8499999999999974 0.004952519210357151
2.8999999999999972 0.003569788058369882
2.949999999999997 0.0024546791531088728
2.999999999999997 0.0015677016810138394
3.0499999999999967 8.734559970779187E-4
3.0999999999999965 3.404916126458648E-4
3.1499999999999964 -5.888576582552187E-5
3.199999999999996 -3.4884521759955976E-4
3.249999999999996 -5.502879446788511E-4
3.299999999999996 -6.811206692035607E-4
3.3499999999999956 -7.565362069986021E-4
3.3999999999999955 -7.892937392680772E-4
3.4499999999999953 -7.899926645649191E-4
3.499999999999995 -7.67335194978571E-4
3.549999999999995 -7.28374039946162E-4
3.5999999999999948 -6.787425817450461E-4
3.6499999999999946 -6.228658789113237E-4
3.6999999999999944 -5.64151633805797E-4
3.7499999999999942 -5.051609295309793E-4
3.799999999999994 -4.4775908460299284E-4
3.849999999999994 -3.9324739947776955E-4
3.8999999999999937 -3.4247688769214937E-4
3.9499999999999935 -2.959453078825326E-4
3.9999999999999933 -2.5387895387918134E-4
4.049999999999994 -2.1630073117200738E-4
4.099999999999993 -1.8308606169852693E-4
4.149999999999993 -1.5400812681304305E-4
4.199999999999993 -1.2877389119207917E-4
4.249999999999993 -1.0705225791205413E-4
4.299999999999993 -8.849559536661476E-5
4.3499999999999925 -7.275575717689833E-5
4.399999999999992 -5.9495592654812025E-5
4.449999999999992 -4.839682240128323E-5
4.499999999999992 -3.9165034874819885E-5
4.549999999999992 -3.153244790362672E-5
4.599999999999992 -2.52589759513898E-5
4.6499999999999915 -2.013205058667479E-5
4.699999999999991 -1.5965558567915605E-5
4.749999999999991 -1.2598189293279285E-5
4.799999999999991 -9.891420772772367E-6
4.849999999999991 -7.727320193147547E-6
4.899999999999991 -6.006290821018299E-6
4.94999999999999 -4.644860574830117E-6
4.99999999999999 -3.5735781899568054E-6
5.04999999999999 -2.735059595386918E-6
5.09999999999999 -2.0822090356554587E-6
5.14999999999999 -1.5766257809029187E-6
5.1999999999999895 -1.1871972130875406E-6
5.249999999999989 -8.888719775896613E-7
5.299999999999989 -6.616021491478063E-7
5.349999999999989 -4.894404637410528E-7
5.399999999999989 -3.597771769313724E-7
5.449999999999989 -2.62700660861487E-7
5.4999999999999885 -1.9046614961657163E-7
5.549999999999988 -1.370578480013355E-7
5.599999999999988 -9.783074515073334E-8
5.649999999999988 -6.921977857045403E-8
5.699999999999988 -4.850536940100542E-8
5.749999999999988 -3.36257189751188E-8
5.799999999999987 -2.3027567133457082E-8
5.849999999999987 -1.554833018179788E-8
5.899999999999987 -1.0323641205466274E-8
5.949999999999987 -6.71529892091119E-9
5.999999999999987 -4.255492377928957E-9
6.0499999999999865 -2.603912073098034E-9
6.099999999999986 -1.5149913468219797E-9
6.149999999999986 -8.130553145558306E-10
6.199999999999986 -3.735989916797841E-10
6.249999999999986 -1.0928285371164538E-10
6.299999999999986 4.0466391537386985E-11
6.349999999999985 1.1711949063215586E-10
6.399999999999985 1.4864774508150855E-10
6.449999999999985 1.535854735391166E-10
6.499999999999985 1.43949392024754E-10