1.0 0.84147096
1.1 0.89120734
1.2 0.9320391
1.3 0.9635582
1.4 0.98544973
1.5 0.997495
1.6 0.9995736
1.7 0.9916648
1.8 0.9738476
1.9 0.9463001
2.0 0.9092974
2.1 0.86320937
2.2 0.8084964
2.3 0.7457052
2.4 0.6754632
2.5 0.5984721
2.6 0.5155014
2.7 0.42737988
2.8 0.33498815
2.9 0.23924933
3.0 0.14112
3.1 0.041580662
3.2 -0.058374144
3.3 -0.15774569
3.4 -0.25554112
3.5 -0.35078323
3.6 -0.44252044
3.7 -0.5298361
3.8 -0.6118579
3.9 -0.68776613
4.0 -0.7568025
4.1 -0.8182771
4.2 -0.8715758
4.3 -0.91616595
4.4 -0.9516021
4.5 -0.9775301
4.6 -0.993691
4.7 -0.9999232
4.8 -0.9961646
4.9 -0.98245263
5.0 -0.9589243
5.1 -0.9258147
5.2 -0.8834547
5.3 -0.83226746
5.4 -0.7727645
5.5 -0.7055403
5.6 -0.63126665
5.7 -0.5506855
5.8 -0.46460217
5.9 -0.37387666
6.0 -0.2794155
6.1 -0.18216251
6.2 -0.083089404
6.3 0.0168139
6.4 0.1165492
6.5 0.21511999
6.6 0.31154135
6.7 0.40484992
6.8 0.49411336
6.9 0.5784398
7.0 0.6569866
7.1 0.72896904
7.2 0.79366785
7.3 0.8504366
7.4 0.8987081
7.5 0.93799996
7.6 0.96791965
7.7 0.98816824
7.8 0.9985433
7.9 0.99894136
8.0 0.98935825
8.1 0.9698898
8.2 0.9407306
8.3 0.90217185
8.4 0.8545989
8.5 0.7984871
8.6 0.7343971
8.7 0.66296923
8.8 0.5849172
8.9 0.50102085
9.0 0.4121185
9.1 0.31909835
9.2 0.22288992
9.3 0.124454424
9.4 0.024775425
9.5 -0.07515112
9.6 -0.17432678
9.7 -0.2717606
9.8 -0.36647913
9.9 -0.4575359
10.0 -0.5440211
10.1 -0.62507063
10.2 -0.6998747
10.3 -0.76768583
10.4 -0.82782644
10.5 -0.8796958
10.6 -0.92277545
10.7 -0.956635
10.8 -0.9809362
10.9 -0.99543625
11.0 -0.9999902
11.1 -0.9945526
11.2 -0.9791777
11.3 -0.95401925
11.4 -0.9193285
11.5 -0.87545216
11.6 -0.8228286
11.7 -0.7619836
11.8 -0.6935251
11.9 -0.6181371
12.0 -0.53657293
12.1 -0.44964746
12.2 -0.35822928
12.3 -0.26323178
12.4 -0.16560417
12.5 -0.066321895
12.6 0.033623047
12.7 0.13323204
12.8 0.23150982
12.9 0.32747445
13.0 0.42016703
13.1 0.50866145
13.2 0.5920735
13.3 0.6695698
13.4 0.7403759
13.5 0.80378443
13.6 0.8591618
13.7 0.9059547
13.8 0.94369566
13.9 0.9720075
14.0 0.9906074
14.1 0.99930936
14.2 0.99802667
14.3 0.98677194
14.4 0.9656578
14.5 0.93489504
14.6 0.8947912
14.7 0.8457468
14.8 0.78825206
14.9 0.7228814
15.0 0.65028787
15.1 0.57119685
15.2 0.4863987
15.3 0.3967406
15.4 0.30311835
15.5 0.20646748
15.6 0.10775365
15.7 0.007963183
15.8 -0.09190685
15.9 -0.19085859
16.0 -0.2879033
16.1 -0.3820714
16.2 -0.47242197
16.3 -0.55805224
16.4 -0.6381067
16.5 -0.7117853
16.6 -0.7783521
16.7 -0.83714175
16.8 -0.88756704
16.9 -0.929124
17.0 -0.96139747
17.1 -0.984065
17.2 -0.9969001
17.3 -0.99977446
17.4 -0.9926594
17.5 -0.975626
17.6 -0.9488445
17.7 -0.91258246
17.8 -0.86720216
17.9 -0.81315714
18.0 -0.75098723
18.1 -0.68131375
18.2 -0.6048328
18.3 -0.5223086
18.4 -0.43456563
18.5 -0.34248063
18.6 -0.24697366
18.7 -0.14899902
18.8 -0.04953564
18.9 0.050422687
19.0 0.1498772
19.1 0.2478342
19.2 0.34331492
19.3 0.43536535
19.4 0.52306575
19.5 0.60553986
19.6 0.6819636
19.7 0.75157344
19.8 0.81367373
19.9 0.8676441
20.0 0.9129453
20.1 0.9491246
20.2 0.97582054
20.3 0.9927664
20.4 0.9997929
20.5 0.9968298
20.6 0.9839067
20.7 0.96115273
20.8 0.9287952
20.9 0.8871575
21.0 0.8366556
21.1 0.7777942
21.2 0.7111612
21.3 0.6374226
21.4 0.55731505
21.5 0.471639
21.6 0.3812505
21.7 0.28705266
21.8 0.18998668
21.9 0.09102242
22.0 -0.008851309
22.1 -0.108636595
22.2 -0.20733643
22.3 -0.3039646
22.4 -0.39755568
22.5 -0.4871745
22.6 -0.57192564
22.7 -0.6509623
22.8 -0.72349477
22.9 -0.7887983
23.0 -0.84622043
23.1 -0.8951874
23.2 -0.93520993
23.3 -0.96588814
23.4 -0.9869155
23.5 -0.99808204
23.6 -0.999276
23.7 -0.99048555
23.8 -0.9717984
23.9 -0.94340146
24.0 -0.9055784
24.1 -0.858707
24.2 -0.80325574
24.3 -0.7397786
24.4 -0.66890985
24.5 -0.5913575
24.6 -0.5078966
24.7 -0.4193609
24.8 -0.32663512
24.9 -0.2306457
25.0 -0.13235176
25.1 -0.032735378
25.2 0.067208074
25.3 0.16648
25.4 0.2640885
25.5 0.35905835
25.6 0.4504406
25.7 0.53732216
25.8 0.61883503
25.9 0.6941647
26.0 0.76255846
26.1 0.823333
26.2 0.8758811
26.3 0.9196776
26.4 0.9542851
26.5 0.97935766
26.6 0.99464476
26.7 0.99999374
26.8 0.9953511
26.9 0.98076326
27.0 0.95637596
27.1 0.92243284
27.2 0.87927306
27.3 0.8273279
27.4 0.76711637
27.5 0.69924
27.6 0.62437713
27.7 0.54327565
27.8 0.45674598
27.9 0.36565262
28.0 0.2709058
28.1 0.17345215
28.2 0.07426544
28.3 -0.0256633
28.4 -0.12533562
28.5 -0.22375564
28.6 -0.31993997
28.7 -0.41292754
28.8 -0.5017893
28.9 -0.58563733
29.0 -0.6636339
29.1 -0.7349996
29.2 -0.7990215
29.3 -0.8550598
29.4 -0.90255463
29.5 -0.9410314
29.6 -0.9701057
29.7 -0.9894871
29.8 -0.99898183
29.9 -0.99849504
30.0 -0.9880316
30.1 -0.96769613
30.2 -0.93769175
30.3 -0.89831823
30.4 -0.849969
30.5 -0.79312724
30.6 -0.7283608
30.7 -0.65631676
30.8 -0.57771504
30.9 -0.493341
31.0 -0.40403765
31.1 -0.3106973
31.2 -0.21425255
31.3 -0.11566705
31.4 -0.015925862
31.5 0.08397446
31.6 0.18303573
31.7 0.28026816
31.8 0.37470028
31.9 0.46538848
32.0 0.5514267
32.1 0.6319552
32.2 0.7061695
32.3 0.7733279
32.4 0.8327595
32.5 0.8838704
32.6 0.92615
32.7 0.9591758
32.8 0.98261786
32.9 0.9962419
33.0 0.99991184
33.1 0.993591
33.2 0.9773425
33.3 0.95132875
33.4 0.91580963
33.5 0.87114
33.6 0.81776625
33.7 0.75622165
33.8 0.68712115
33.9 0.61115515
34.0 0.5290827
34.1 0.4417238
34.2 0.34995136
34.3 0.25468233
34.4 0.15686859
34.5 0.057487477
34.6 -0.042468034
34.7 -0.14199921
34.8 -0.2401116
34.9 -0.33582485
35.0 -0.42818266
35.1 -0.51626223
35.2 -0.59918344
35.3 -0.67611784
35.4 -0.7462967
35.5 -0.8090188
35.6 -0.8636574
35.7 -0.90966666
35.8 -0.94658685
35.9 -0.97404903
36.0 -0.99177885
36.1 -0.99959916
36.2 -0.99743176
36.3 -0.9852984
36.4 -0.9633202
36.5 -0.93171686
36.6 -0.8908042
36.7 -0.8409908
36.8 -0.7827745
36.9 -0.71673703
37.0 -0.6435381
37.1 -0.56390923
37.2 -0.47864592
37.3 -0.38860014
37.4 -0.2946716
37.5 -0.1977988
37.6 -0.098949656
37.7 8.881568E-4
37.8 0.1007171
37.9 0.1995397
38.0 0.29636857
38.1 0.39023623
38.2 0.4802048
38.3 0.56537527
38.4 0.64489675
38.5 0.7179746
38.6 0.7838787
38.7 0.84195054
38.8 0.89160985
38.9 0.93236053
39.0 0.96379536
39.1 0.9856003
39.2 0.9975574
39.3 0.9995473
39.4 0.99154997
39.5 0.97364545
39.6 0.94601256
39.7 0.90892744
39.8 0.86276066
39.9 0.8079734
40.0 0.74511313
40.1 0.67480797
40.2 0.5977604
40.3 0.5147401
40.4 0.42657676
40.5 0.33415118
40.6 0.23838687
40.7 0.14024068
40.8 0.040693257
40.9 -0.059260763
41.0 -0.15862267
41.1 -0.25639966
41.2 -0.3516148
41.3 -0.44331673
41.4 -0.53058916
41.5 -0.61256015
41.6 -0.68841064
41.7 -0.75738275
41.8 -0.81878734
41.9 -0.8720109
42.0 -0.91652155
42.1 -0.9518747
42.2 -0.9777169
42.3 -0.9937902
42.4 -0.99993384
42.5 -0.9960865
42.6 -0.9822866
42.7 -0.958672
42.8 -0.92547864
42.9 -0.88303816
43.0 -0.8317748
43.1 -0.77220047
43.2 -0.70491064
43.3 -0.63057756
43.4 -0.549944
43.5 -0.4638155
43.6 -0.37305278
43.7 -0.2785626
43.8 -0.18128914
43.9 -0.08220428
44.0 0.017701926
44.1 0.11743126
44.2 0.21598727
44.3 0.3123852
44.4 0.40566188
44.5 0.49488533
44.6 0.579164
44.7 0.6576559
44.8 0.72957677
44.9 0.7942079
45.0 0.8509035
45.1 0.89909726
45.2 0.93830746
45.3 0.96814245
45.4 0.9883041
45.5 0.9985909
45.6 0.9989001
45.7 0.9892286
45.8 0.9696731
45.9 0.940429
46.0 0.90178835
46.1 0.85413736
46.2 0.7979521
46.3 0.733794
46.4 0.66230404
46.5 0.58419657
46.6 0.500252
46.7 0.4113091
46.8 0.3182565
46.9 0.22202401
47.0 0.123573124
47.1 0.023887532
47.2 -0.07603674
47.3 -0.17520127
47.4 -0.27261525
47.5 -0.36730534
47.6 -0.45832545
47.7 -0.5447661
47.8 -0.62576365
47.9 -0.7005088
48.0 -0.76825464
48.1 -0.8283244
48.2 -0.8801178
48.3 -0.9231173
48.4 -0.9568933
48.5 -0.9811084
48.6 -0.9955206
48.7 -0.9999859
48.8 -0.9944596
48.9 -0.97899705
49.0 -0.95375264
49.1 -0.9189787
49.2 -0.8750226
49.3 -0.82232356
49.4 -0.7614081
49.5 -0.692885
49.6 -0.61743873
49.7 -0.5358232
49.8 -0.44885397
49.9 -0.35739994
50.0 -0.26237485
50.1 -0.16472821
50.2 -0.06543567
50.3 0.034510687
50.4 0.13411222
50.5 0.23237376
50.6 0.3283135
50.7 0.42097282
50.8 0.50942594
50.9 0.59278905
51.0 0.6702292
51.1 0.74097264
51.2 0.80431247
51.3 0.8596159
51.4 0.9063304
51.5 0.9439891
51.6 0.9722158
51.7 0.99072844
51.8 0.999342
51.9 0.99797046
52.0 0.9866276
52.1 0.9654266
52.2 0.93457943
52.3 0.8943943
52.4 0.8452726
52.5 0.78770524
52.6 0.7222674
52.7 0.64961284
52.8 0.57046765
52.9 0.4856225
53.0 0.39592516
53.1 0.30227187
53.2 0.20559838
53.3 0.10687062
53.4 0.007075052
53.5 -0.092791215
53.6 -0.19173034
53.7 -0.28875375
53.8 -0.38289204
53.9 -0.47320458
54.0 -0.5587891
54.1 -0.63879025
54.2 -0.7124089
54.3 -0.7789094
54.4 -0.83762723
54.5 -0.8879758
54.6 -0.92945206
54.7 -0.9616415
54.8 -0.98422253
54.9 -0.9969696
55.0 -0.99975514
55.1 -0.99255157
55.2 -0.9754307
55.3 -0.9485637
55.4 -0.9122189
55.5 -0.8667596
55.6 -0.81263983
55.7 -0.7504005
55.8 -0.68066335
55.9 -0.6041253
56.0 -0.521551
56.1 -0.43376553
56.2 -0.34164605
56.3 -0.24611293
56.4 -0.14812073
56.5 -0.048648555
56.6 0.051309694
56.7 0.15075527
56.8 0.24869455
56.9 0.34414896
57.0 0.43616477
57.1 0.52382255
57.2 0.6062464
57.3 0.68261296
57.4 0.752159
57.5 0.81418973
57.6 0.8680853
57.7 0.9133073
57.8 0.9494039
57.9 0.97601426
58.0 0.99287266
58.1 0.9998106
58.2 0.99675876
58.3 0.9837476
58.4 0.9609072
58.5 0.9284657
58.6 0.8867473
58.7 0.8361688
58.8 0.7772356
58.9 0.71053654
59.0 0.636738
59.1 0.5565774
59.2 0.47085565
59.3 0.38042927
59.4 0.28620175
59.5 0.18911462
59.6 0.090137914
59.7 -0.009739428
59.8 -0.10951945
59.9 -0.2082052
60.0 -0.3048106
60.1 -0.39837047
60.2 -0.48794994
60.3 -0.572654
60.4 -0.65163624
60.5 -0.72410756
60.6 -0.7893439
60.7 -0.84669334
60.8 -0.89558285
60.9 -0.93552405
61.0 -0.9661178
61.1 -0.9870584
61.2 -0.99813664
61.3 -0.9992418
61.4 -0.9903629
61.5 -0.9715886
61.6 -0.94310653
61.7 -0.90520126
61.8 -0.8582515
61.9 -0.8027264
62.0 -0.7391807
62.1 -0.66824937
62.2 -0.5906411
62.3 -0.50713134
62.4 -0.41855446
62.5 -0.32579556
62.6 -0.2297814
62.7 -0.13147135
62.8 -0.031847686
62.9 0.068094194
63.0 0.1673557
63.1 0.26494503
63.2 0.35988715
63.3 0.45123336
63.4 0.53807104
63.5 0.61953247
63.6 0.6948037
63.7 0.7631327
63.8 0.82383674
63.9 0.8763093
64.0 0.92002606
64.1 0.9545502
64.2 0.9795368
64.3 0.9947362
64.4 0.9999965
64.5 0.9952652
64.6 0.9805895
64.7 0.9561161
64.8 0.92208946
64.9 0.8788497
65.0 0.82682866
65.1 0.7665463
65.2 0.6986048
65.3 0.62368315
65.4 0.5425298
65.5 0.45595568
65.6 0.36482581
65.7 0.27005073
65.8 0.1725774
65.9 0.07337971
66.0 -0.026551154
66.1 -0.12621672
66.2 -0.22462119
66.3 -0.32078132
66.4 -0.41373628
66.5 -0.50255734
66.6 -0.586357
66.7 -0.664298
66.8 -0.73560154
66.9 -0.79955524
67.0 -0.85551995
67.1 -0.9029367
67.2 -0.9413315
67.3 -0.9703209
67.4 -0.98961514
67.5 -0.9990215
67.6 -0.9984459
67.7 -0.98789424
67.8 -0.96747184
67.9 -0.93738276
68.0 -0.8979277
68.1 -0.8495008
68.2 -0.79258597
68.3 -0.7277519
68.4 -0.6556464
68.5 -0.5769899
68.6 -0.49256825
68.7 -0.40322506
68.8 -0.30985296
68.9 -0.21338493
69.0 -0.114784814
69.1 -0.015037812
69.2 0.084859446
69.3 0.1839088
69.4 0.28112063
69.5 0.37552357
69.6 0.4661744
69.7 0.55216736
69.8 0.6326433
69.9 0.706798
